
$orca_hessian_file

$act_atom
  0

$act_coord
  0

$act_energy
        0.000000

$multiplicity
  1

$hessian
9
                    0                  1                  2                  3                  4        
    0     -5.4098770442E-05   2.4890678609E-08   2.5962809127E-08   2.7059800860E-05   6.5831876924E-09
    1      2.4890678609E-08   6.9371258951E-01  -7.7190433254E-08  -8.7783215287E-09  -3.4685631905E-01
    2      2.5962809127E-08  -7.7190433254E-08   4.4182446535E-01  -8.0978525705E-09   2.0200876658E-01
    3      2.7059800860E-05  -8.7783215287E-09  -8.0978525705E-09  -3.3256706893E-05   2.4719936355E-09
    4      6.5831876924E-09  -3.4685631905E-01   2.0200876658E-01   2.4719936355E-09   3.7476277463E-01
    5     -4.2571478623E-09   2.6248801915E-01  -2.2091228532E-01   5.6976007674E-09  -2.3224838400E-01
    6      2.7038969582E-05  -4.6639044677E-09  -1.1746077211E-08   6.1969060331E-06  -1.4552343837E-10
    7     -4.2922318914E-08  -3.4685627046E-01  -2.0200868354E-01  -2.6033299963E-09  -2.7906455586E-02
    8     -2.7824540611E-08  -2.6248794780E-01  -2.2091218003E-01  -5.5763344093E-10   3.0210934901E-02
                    5                  6                  7                  8        
     0     -4.2571478623E-09   2.7038969582E-05  -4.2922318914E-08  -2.7824540611E-08
     1      2.6248801915E-01  -4.6639044677E-09  -3.4685627046E-01  -2.6248794780E-01
     2     -2.2091228532E-01  -1.1746077211E-08  -2.0200868354E-01  -2.2091218003E-01
     3      5.6976007674E-09   6.1969060331E-06  -2.6033299963E-09  -5.5763344093E-10
     4     -2.3224838400E-01  -1.4552343837E-10  -2.7906455586E-02   3.0210934901E-02
     5      2.0969678563E-01   1.5174323389E-09  -3.0210952633E-02   1.1215499689E-02
     6      1.5174323389E-09  -3.3235875615E-05   2.5167538408E-08   1.9305409462E-08
     7     -3.0210952633E-02   2.5167538408E-08   3.7476272605E-01   2.3224832454E-01
     8      1.1215499689E-02   1.9305409462E-08   2.3224832454E-01   2.0969668034E-01

$vibrational_frequencies
9
    0        0.0000000000000000
    1        0.0000000000000000
    2        0.0000000000000000
    3        0.0000000000000000
    4        0.0000000000000000
    5        0.0000000000000000
    6     1602.2423984615134032
    7     3809.1562098793515361
    8     3929.8644545243805624

$normal_modes
9 9
                    0                  1                  2                  3                  4        
    0      0.0000000000E+00   0.0000000000E+00   0.0000000000E+00   0.0000000000E+00   0.0000000000E+00
    1      0.0000000000E+00   0.0000000000E+00   0.0000000000E+00   0.0000000000E+00   0.0000000000E+00
    2      0.0000000000E+00   0.0000000000E+00   0.0000000000E+00   0.0000000000E+00   0.0000000000E+00
    3      0.0000000000E+00   0.0000000000E+00   0.0000000000E+00   0.0000000000E+00   0.0000000000E+00
    4      0.0000000000E+00   0.0000000000E+00   0.0000000000E+00   0.0000000000E+00   0.0000000000E+00
    5      0.0000000000E+00   0.0000000000E+00   0.0000000000E+00   0.0000000000E+00   0.0000000000E+00
    6      0.0000000000E+00   0.0000000000E+00   0.0000000000E+00   0.0000000000E+00   0.0000000000E+00
    7      0.0000000000E+00   0.0000000000E+00   0.0000000000E+00   0.0000000000E+00   0.0000000000E+00
    8      0.0000000000E+00   0.0000000000E+00   0.0000000000E+00   0.0000000000E+00   0.0000000000E+00
                    5                  6                  7                  8        
     0      0.0000000000E+00  -8.7509742065E-20   5.7609021988E-19  -3.8191139640E-18
     1      0.0000000000E+00  -5.9389351392E-09   1.2932950007E-07   7.0885571113E-02
     2      0.0000000000E+00  -7.1218942691E-02   4.9174599928E-02  -9.8173321101E-08
     3      0.0000000000E+00  -4.7495168872E-17  -5.0161704827E-17   1.0219232239E-16
     4      0.0000000000E+00   4.2192331891E-01   5.8863782948E-01  -5.6254981694E-01
     5      0.0000000000E+00   5.6519435354E-01  -3.9024943864E-01   4.2547291365E-01
     6      0.0000000000E+00   4.8884125582E-17   4.1017987140E-17  -4.1575254622E-17
     7      0.0000000000E+00  -4.2192322464E-01  -5.8863988220E-01  -5.6254765551E-01
     8      0.0000000000E+00   5.6519440054E-01  -3.9025098224E-01  -4.2547135544E-01

#
# The atoms: label  mass x y z (in bohrs)
#
$atoms
3
 O     15.99900      0.000000000000     0.000000002957     0.123106276684
 H      1.00800      0.000000000000     1.454497433798    -0.976972870840
 H      1.00800      0.000000000000    -1.454497480738    -0.976972883793

$actual_temperature
  0.000000

$frequency_scale_factor
  1.000000

$dipole_derivatives
9
   -7.8546599704E-01   -4.1767951367E-09   -4.6108782529E-08
    3.8923003845E-09   -5.2932078153E-01    2.4118237426E-08
    7.2428332989E-09    9.7899853753E-09   -4.0102674402E-01
    3.9277164364E-01   -8.8545750206E-09    2.3319581001E-08
   -6.3409399282E-09    2.6465502451E-01    7.8332402843E-02
   -3.2295242142E-09    9.6986148569E-02    2.0054995410E-01
    3.9277165549E-01    1.2986184069E-08    2.2440380301E-08
    2.3175098141E-09    2.6465500842E-01   -7.8332412895E-02
   -3.9726058834E-09   -9.6986158380E-02    2.0054993724E-01

#
# The IR spectrum
#  wavenumber eps Int TX TY TZ
#
$ir_spectrum
9
      0.00   0.00000000   0.00000000     0.000000     0.000000     0.000000
      0.00   0.00000000   0.00000000     0.000000     0.000000     0.000000
      0.00   0.00000000   0.00000000     0.000000     0.000000     0.000000
      0.00   0.00000000   0.00000000     0.000000     0.000000     0.000000
      0.00   0.00000000   0.00000000     0.000000     0.000000     0.000000
      0.00   0.00000000   0.00000000     0.000000     0.000000     0.000000
   1602.24   0.01837777  92.87369415    -0.000000     0.000000     0.059828
   3809.16   0.00130443   6.59207347    -0.000000    -0.000000    -0.010338
   3929.86   0.01137597  57.48947465     0.000000    -0.030056     0.000000


$end

