
$orca_hessian_file

$act_atom
  0

$act_coord
  0

$act_energy
        0.000000

$multiplicity
  1

$hessian
9
                    0                  1                  2                  3                  4        
    0      1.2595824433E-04  -8.6569336582E-09   6.0671430665E-09  -6.2972396162E-05   1.0719521674E-08
    1     -8.6569336582E-09   6.5418992238E-01  -4.8542007997E-08   6.1855259252E-09  -3.2709498913E-01
    2      6.0671430665E-09  -4.8542007997E-08   4.5699884678E-01  -6.6943011194E-09   1.9967781062E-01
    3     -6.2972396162E-05   6.1855259252E-09  -6.6943011194E-09   3.1613489167E-05  -6.3730187694E-09
    4      1.0719521674E-08  -3.2709498913E-01   1.9967781062E-01  -6.3730187694E-09   3.5958888536E-01
    5     -8.6980883747E-09   2.5997237304E-01  -2.2849944319E-01   5.8190124427E-09  -2.2982507170E-01
    6     -6.2985848172E-05  -4.4246661911E-09  -2.7348122686E-09   3.1358906995E-05  -1.5616491657E-09
    7      4.8334859079E-09  -3.2709493325E-01  -1.9967778440E-01  -2.5973608952E-09  -3.2493896223E-02
    8      5.9929156298E-09  -2.5997230218E-01  -2.2849940359E-01   2.8372255660E-09   3.0109146378E-02
                    5                  6                  7                  8        
     0     -8.6980883747E-09  -6.2985848172E-05   4.8334859079E-09   5.9929156298E-09
     1      2.5997237304E-01  -4.4246661911E-09  -3.2709493325E-01  -2.5997230218E-01
     2     -2.2849944319E-01  -2.7348122686E-09  -1.9967778440E-01  -2.2849940359E-01
     3      5.8190124427E-09   3.1358906995E-05  -2.5973608952E-09   2.8372255660E-09
     4     -2.2982507170E-01  -1.5616491657E-09  -3.2493896223E-02   3.0109146378E-02
     5      2.1748170126E-01   9.1713904268E-10  -3.0109186645E-02   1.1017741931E-02
     6      9.1713904268E-10   3.1626941177E-05   1.8750951720E-09  -3.5062339849E-09
     7     -3.0109186645E-02   1.8750951720E-09   3.5958882947E-01   2.2982506342E-01
     8      1.1017741931E-02  -3.5062339849E-09   2.2982506342E-01   2.1748166165E-01

$vibrational_frequencies
9
    0        0.0000000000000000
    1        0.0000000000000000
    2        0.0000000000000000
    3        0.0000000000000000
    4        0.0000000000000000
    5        0.0000000000000000
    6     1637.6783833104530004
    7     3786.9907022025231527
    8     3881.9395497989453361

$normal_modes
9 9
                    0                  1                  2                  3                  4        
    0      0.0000000000E+00   0.0000000000E+00   0.0000000000E+00   0.0000000000E+00   0.0000000000E+00
    1      0.0000000000E+00   0.0000000000E+00   0.0000000000E+00   0.0000000000E+00   0.0000000000E+00
    2      0.0000000000E+00   0.0000000000E+00   0.0000000000E+00   0.0000000000E+00   0.0000000000E+00
    3      0.0000000000E+00   0.0000000000E+00   0.0000000000E+00   0.0000000000E+00   0.0000000000E+00
    4      0.0000000000E+00   0.0000000000E+00   0.0000000000E+00   0.0000000000E+00   0.0000000000E+00
    5      0.0000000000E+00   0.0000000000E+00   0.0000000000E+00   0.0000000000E+00   0.0000000000E+00
    6      0.0000000000E+00   0.0000000000E+00   0.0000000000E+00   0.0000000000E+00   0.0000000000E+00
    7      0.0000000000E+00   0.0000000000E+00   0.0000000000E+00   0.0000000000E+00   0.0000000000E+00
    8      0.0000000000E+00   0.0000000000E+00   0.0000000000E+00   0.0000000000E+00   0.0000000000E+00
                    5                  6                  7                  8        
     0      0.0000000000E+00   7.9622290128E-19  -2.3008185769E-19   5.8841500503E-18
     1      0.0000000000E+00  -3.5040761647E-09  -7.8567438564E-08   6.9600119238E-02
     2      0.0000000000E+00  -7.0217580572E-02  -5.0498242119E-02  -6.1595892716E-08
     3      0.0000000000E+00   7.3065071579E-18   5.1653191256E-18  -3.2731194142E-17
     4      0.0000000000E+00   4.3244644963E-01  -5.8148082398E-01  -5.5234803300E-01
     5      0.0000000000E+00   5.5724754439E-01   4.0075415944E-01   4.3873764158E-01
     6      0.0000000000E+00  -1.9944176005E-17  -1.5134544023E-18  -6.0662175556E-17
     7      0.0000000000E+00  -4.3244639402E-01   5.8148207100E-01  -5.5234671668E-01
     8      0.0000000000E+00   5.5724756630E-01   4.0075514181E-01  -4.3873666392E-01

#
# The atoms: label  mass x y z (in bohrs)
#
$atoms
3
 O     15.99900      0.000000000000     0.000000002652     0.127180577691
 H      1.00800      0.000000000000     1.430778506347    -1.009306572316
 H      1.00800      0.000000000000    -1.430778548445    -1.009306584902

$actual_temperature
  0.000000

$frequency_scale_factor
  1.000000

$dipole_derivatives
9
   -6.9326640610E-01   -2.6201031174E-10    1.4524426107E-09
    3.1560137789E-11   -4.2582356251E-01    7.0516066739E-09
   -3.9471454920E-10    2.4330282550E-09   -3.1185294211E-01
    3.4668824670E-01    1.5156467001E-09   -5.5172316575E-10
    2.0476357950E-10    2.1288885899E-01    6.0142520897E-02
    5.0302935725E-10    1.0646204366E-01    1.5595225628E-01
    3.4668820458E-01   -1.1861829047E-09   -8.9170536027E-10
   -2.2842990859E-10    2.1288885347E-01   -6.0142520591E-02
   -1.0135212833E-10   -1.0646204603E-01    1.5595223688E-01

#
# The IR spectrum
#  wavenumber eps Int TX TY TZ
#
$ir_spectrum
9
      0.00   0.00000000   0.00000000     0.000000     0.000000     0.000000
      0.00   0.00000000   0.00000000     0.000000     0.000000     0.000000
      0.00   0.00000000   0.00000000     0.000000     0.000000     0.000000
      0.00   0.00000000   0.00000000     0.000000     0.000000     0.000000
      0.00   0.00000000   0.00000000     0.000000     0.000000     0.000000
      0.00   0.00000000   0.00000000     0.000000     0.000000     0.000000
   1637.68   0.01094182  55.29544955     0.000000     0.000000     0.045662
   3786.99   0.00092430   4.67102279    -0.000000     0.000000     0.008727
   3881.94   0.00524426  26.50234838     0.000000    -0.020532     0.000000


$end

